pkg load symbolic
R1=vpa(1.04005394176e3);
R2=vpa(2.07146823978e3);
R3=vpa(3.06015694112e3);
R4=vpa(4.13750728298e3);
R5=vpa(3.13205467735e3);
R6=vpa(2.01065636997e3);
R7=vpa(1.00318758033e3);
Va=vpa(5.14514577871);
Id=vpa(1.03830911265e-3);
Kb=vpa(7.04881622155e-3);
Kc=vpa(8.3495605781e3);

Z=vpa(0.0);
U=vpa(1.0);

A=[
1/R5, Z, Kb, Z, Z, -(1/R5+Kb), Z; 
Z, 1/R2, -(1/R2+Kb), Z, Z, Kb, Z;
Z, 1/R2, -(1/R1 + 1/R2 + 1/R6), 1/R1, Z, 1/R6, Z;
Z, Z, Z, U, -U, Z, Z;
Z, Z, 1/R1, -1/R1, -(1/R4+1/R6), 1/R4, 1/R6;
Z, Z, Z, Z, Kc, -R6, -Kc;
Z, Z, Z, Z, 1/R6, Z, -(1/R6+1/R7)
];

B=[Id; Z; Z; Va; Z; Z; Z];

A\B
